"service_id","date","exception_type"
1,20251031,1
2,20251101,2
2,20251206,2
2,20251213,2
3,20251031,2
4,20251101,1
5,20251206,1
5,20251213,1
8,20251101,1
9,20251101,2
10,20251101,2
13,20251110,1
13,20251117,1
13,20251124,1
13,20251104,2
13,20251202,2
13,20251209,2
13,20251105,2
13,20251203,2
13,20251210,2
13,20251106,2
13,20251204,2
13,20251211,2
13,20251107,2
13,20251205,2
13,20251212,2
14,20251201,1
14,20251208,1
14,20251215,1
14,20251202,1
14,20251209,1
14,20251203,1
14,20251210,1
14,20251204,1
14,20251211,1
14,20251205,1
14,20251212,1
15,20251201,2
15,20251208,2
15,20251215,2
15,20251202,2
15,20251209,2
15,20251203,2
15,20251210,2
15,20251204,2
15,20251211,2
15,20251205,2
15,20251212,2
16,20251104,2
16,20251202,2
16,20251209,2
16,20251106,2
16,20251204,2
16,20251211,2
17,20251110,1
17,20251117,1
17,20251124,1
17,20251105,2
17,20251203,2
17,20251210,2
17,20251107,2
17,20251205,2
17,20251212,2
18,20251202,1
18,20251209,1
18,20251204,1
18,20251211,1
19,20251201,1
19,20251208,1
19,20251215,1
19,20251203,1
19,20251210,1
19,20251205,1
19,20251212,1
20,20251104,2
20,20251202,2
20,20251209,2
20,20251106,2
20,20251204,2
20,20251211,2
20,20251107,2
20,20251205,2
20,20251212,2
21,20251202,1
21,20251209,1
21,20251204,1
21,20251211,1
21,20251205,1
21,20251212,1
22,20251029,1
22,20251030,1
22,20251031,1
23,20251029,2
23,20251030,2
23,20251031,2
24,20251101,1
25,20251110,2
25,20251215,2
25,20251111,2
26,20251122,1
27,20251215,2
27,20251111,2
27,20251122,2
28,20251215,2
28,20251214,2
29,20251215,2
29,20251109,2
29,20251214,2
30,20251109,1
31,20251111,1
31,20251214,2
32,20251103,1
32,20251104,1
32,20251105,1
32,20251106,1
32,20251107,1
33,20251103,2
33,20251215,2
33,20251104,2
33,20251105,2
33,20251106,2
33,20251107,2
34,20251214,2
35,20251215,2
36,20251111,1
36,20251109,2
36,20251214,2
37,20251123,1
38,20251122,2
38,20251123,2
38,20251214,2
39,20251215,2
39,20251122,2
39,20251123,2
39,20251214,2
40,20251202,1
40,20251209,1
40,20251203,1
40,20251210,1
40,20251204,1
40,20251211,1
40,20251205,1
40,20251212,1
40,20251206,1
40,20251213,1
41,20251112,1
42,20251103,1
42,20251104,1
42,20251105,1
42,20251106,1
42,20251031,1
42,20251107,1
42,20251122,2
42,20251123,2
42,20251214,2
43,20251103,1
43,20251104,1
43,20251105,1
43,20251106,1
43,20251107,1
43,20251101,1
43,20251108,1
43,20251102,1
43,20251109,1
44,20251103,2
44,20251215,2
44,20251104,2
44,20251105,2
44,20251106,2
44,20251107,2
44,20251101,2
44,20251108,2
44,20251122,2
44,20251116,1
44,20251130,1
44,20251207,1
45,20251103,1
45,20251104,1
45,20251105,1
45,20251106,1
45,20251107,1
45,20251108,1
46,20251103,2
46,20251215,2
46,20251104,2
46,20251105,2
46,20251106,2
46,20251107,2
46,20251101,2
46,20251108,2
47,20251108,1
48,20251101,2
48,20251108,2
49,20251103,2
49,20251215,2
49,20251104,2
49,20251105,2
49,20251106,2
49,20251107,2
49,20251101,2
49,20251108,2
49,20251102,2
49,20251109,2
49,20251214,2
50,20251101,1
50,20251108,1
50,20251102,1
50,20251109,1
51,20251103,2
51,20251215,2
51,20251104,2
51,20251111,2
51,20251105,2
51,20251106,2
51,20251107,2
52,20251102,2
52,20251109,2
52,20251214,2
53,20251111,1
53,20251101,2
53,20251108,2
53,20251102,2
53,20251109,2
53,20251214,2
54,20251103,2
54,20251215,2
54,20251104,2
54,20251105,2
54,20251106,2
54,20251107,2
54,20251102,2
54,20251109,2
54,20251214,2
55,20251101,1
55,20251102,1
55,20251109,1
56,20251111,1
56,20251102,2
56,20251109,2
56,20251214,2
57,20251103,2
57,20251215,2
57,20251104,2
57,20251029,2
57,20251105,2
57,20251030,2
57,20251106,2
57,20251031,2
57,20251107,2
58,20251111,1
59,20251103,2
59,20251215,2
59,20251104,2
59,20251111,2
59,20251105,2
59,20251106,2
59,20251107,2
59,20251101,2
59,20251108,2
60,20251103,1
60,20251104,1
60,20251105,1
60,20251106,1
60,20251107,1
60,20251101,1
60,20251102,1
60,20251109,1
61,20251103,2
61,20251215,2
61,20251104,2
61,20251105,2
61,20251106,2
61,20251107,2
61,20251101,2
62,20251103,1
62,20251104,1
62,20251029,1
62,20251105,1
62,20251030,1
62,20251106,1
62,20251107,1
63,20251103,2
63,20251215,2
63,20251104,2
63,20251111,2
63,20251029,2
63,20251105,2
63,20251030,2
63,20251106,2
63,20251107,2
64,20251107,1
64,20251108,1
65,20251031,1
65,20251205,1
65,20251212,1
65,20251101,2
65,20251108,2
66,20251103,2
66,20251215,2
66,20251104,2
66,20251105,2
66,20251106,2
66,20251107,2
66,20251115,1
66,20251129,1
66,20251213,1
66,20251116,1
66,20251130,1
67,20251122,1
67,20251206,1
67,20251123,1
67,20251207,1
68,20251115,1
68,20251129,1
68,20251213,1
68,20251116,1
68,20251130,1
69,20251110,1
69,20251111,1
69,20251029,1
69,20251112,1
69,20251030,1
69,20251113,1
70,20251110,2
70,20251215,2
70,20251111,2
70,20251029,2
70,20251112,2
70,20251030,2
70,20251113,2
70,20251214,2
71,20251110,2
71,20251215,2
71,20251111,2
71,20251029,2
71,20251112,2
71,20251030,2
71,20251113,2
71,20251213,2
71,20251214,2
72,20251103,2
72,20251215,2
72,20251104,2
72,20251105,2
72,20251106,2
72,20251107,2
72,20251115,1
72,20251129,1
72,20251213,1
73,20251122,1
73,20251206,1
74,20251206,1
75,20251115,1
75,20251129,1
76,20251103,2
76,20251215,2
76,20251104,2
76,20251105,2
76,20251106,2
76,20251107,2
76,20251122,1
76,20251206,1
76,20251213,1
77,20251122,1
77,20251206,1
77,20251213,1
78,20251103,2
78,20251110,2
78,20251215,2
78,20251104,2
78,20251111,2
78,20251029,2
78,20251105,2
78,20251112,2
78,20251030,2
78,20251106,2
78,20251113,2
78,20251031,2
78,20251107,2
78,20251114,2
78,20251122,1
78,20251206,1
78,20251213,1
79,20251124,1
79,20251208,1
79,20251123,1
79,20251207,1
80,20251103,1
80,20251110,1
80,20251104,1
80,20251105,1
80,20251106,1
80,20251107,1
80,20251108,1
80,20251102,1
80,20251109,1
81,20251110,1
82,20251117,1
82,20251118,1
83,20251215,2
83,20251101,2
83,20251115,2
83,20251129,2
84,20251103,1
84,20251201,1
84,20251208,1
84,20251118,2
84,20251125,2
84,20251105,1
84,20251203,1
84,20251210,1
84,20251106,1
84,20251204,1
84,20251211,1
84,20251107,1
84,20251205,1
84,20251212,1
85,20251110,1
85,20251117,1
85,20251124,1
85,20251118,1
85,20251125,1
85,20251105,2
85,20251203,2
85,20251210,2
85,20251106,2
85,20251204,2
85,20251211,2
85,20251107,2
85,20251205,2
85,20251212,2
86,20251215,2
86,20251115,2
86,20251129,2
86,20251116,2
86,20251130,2
86,20251214,2
87,20251115,1
87,20251129,1
87,20251116,1
87,20251130,1
88,20251215,2
88,20251114,2
88,20251128,2
88,20251115,2
88,20251129,2
88,20251116,2
88,20251130,2
88,20251214,2
89,20251114,1
89,20251128,1
89,20251115,1
89,20251129,1
89,20251116,1
89,20251130,1
90,20251103,2
90,20251215,2
90,20251104,2
90,20251105,2
90,20251106,2
90,20251107,2
90,20251114,2
90,20251128,2
90,20251115,2
90,20251129,2
90,20251109,1
90,20251123,1
90,20251207,1
91,20251103,2
91,20251215,2
91,20251104,2
91,20251105,2
91,20251106,2
91,20251107,2
91,20251115,2
91,20251129,2
91,20251109,1
91,20251123,1
91,20251207,1
92,20251215,2
92,20251101,2
93,20251115,2
93,20251116,2
93,20251214,2
94,20251101,2
94,20251115,2
95,20251215,2
95,20251101,2
95,20251115,2
96,20251117,2
96,20251215,2
96,20251116,2
96,20251214,2
97,20251215,2
97,20251102,1
98,20251101,1
98,20251214,2
99,20251102,2
99,20251214,2
100,20251117,1
100,20251201,1
100,20251115,1
100,20251129,1
100,20251116,1
100,20251130,1
101,20251124,1
101,20251208,1
101,20251104,2
101,20251029,2
101,20251105,2
101,20251030,2
101,20251106,2
101,20251031,2
101,20251107,2
101,20251108,2
101,20251115,2
101,20251129,2
101,20251123,1
101,20251207,1
102,20251103,1
102,20251110,1
102,20251104,1
102,20251029,1
102,20251105,1
102,20251030,1
102,20251106,1
102,20251031,1
102,20251107,1
102,20251108,1
102,20251102,1
102,20251109,1
103,20251122,1
103,20251206,1
103,20251213,1
103,20251123,1
103,20251207,1
104,20251116,1
104,20251130,1
105,20251123,1
105,20251207,1
106,20251103,2
106,20251215,2
106,20251104,2
106,20251105,2
106,20251106,2
106,20251107,2
106,20251122,1
106,20251206,1
106,20251213,1
106,20251123,1
106,20251207,1
107,20251103,2
107,20251215,2
107,20251104,2
107,20251105,2
107,20251106,2
107,20251107,2
107,20251114,2
107,20251128,2
107,20251122,1
107,20251206,1
107,20251213,1
107,20251123,1
107,20251207,1
108,20251103,2
108,20251215,2
108,20251104,2
108,20251029,2
108,20251105,2
108,20251030,2
108,20251106,2
108,20251107,2
108,20251114,2
108,20251128,2
108,20251122,1
108,20251206,1
108,20251213,1
108,20251123,1
108,20251207,1
109,20251103,1
109,20251104,1
109,20251029,1
109,20251105,1
109,20251030,1
109,20251106,1
109,20251107,1
109,20251101,1
109,20251108,1
109,20251102,1
109,20251109,1
110,20251215,2
110,20251111,2
111,20251215,2
111,20251115,2
111,20251116,2
111,20251214,2
112,20251111,1
112,20251115,2
112,20251116,2
112,20251214,2
113,20251215,2
113,20251111,2
113,20251101,2
113,20251115,2
114,20251215,2
114,20251101,1
114,20251116,2
114,20251214,2
115,20251111,1
115,20251101,1
115,20251116,2
115,20251214,2
116,20251129,1
116,20251130,1
117,20251115,1
117,20251213,1
117,20251116,1
118,20251103,1
118,20251104,1
118,20251105,1
118,20251106,1
118,20251107,1
118,20251115,2
118,20251129,2
118,20251213,2
118,20251116,2
118,20251130,2
118,20251214,2
119,20251115,1
119,20251116,1
120,20251029,1
120,20251030,1
121,20251103,2
121,20251215,2
121,20251104,2
121,20251105,2
121,20251112,2
121,20251106,2
121,20251113,2
121,20251107,2
121,20251114,2
121,20251207,2
121,20251214,2
122,20251215,2
122,20251101,2
122,20251214,2
123,20251115,1
124,20251122,1
124,20251123,1
125,20251103,1
125,20251104,1
125,20251105,1
125,20251106,1
125,20251107,1
125,20251101,1
125,20251102,1
126,20251121,1
126,20251205,1
126,20251122,1
126,20251206,1
127,20251215,1
128,20251215,1
128,20251214,1
129,20251214,1
130,20251103,2
130,20251104,2
130,20251105,2
130,20251106,2
130,20251107,2
131,20251104,2
131,20251106,2
132,20251103,2
132,20251105,2
132,20251107,2
133,20251104,2
133,20251106,2
133,20251107,2
134,20251107,2
135,20251106,2
136,20251103,2
136,20251215,2
136,20251104,2
136,20251105,2
137,20251103,2
137,20251215,2
137,20251104,2
137,20251105,2
137,20251106,2
138,20251101,2
139,20251103,2
139,20251104,2
139,20251105,2
139,20251107,2
140,20251106,2
140,20251107,2
141,20251103,2
141,20251215,2
141,20251104,2
141,20251105,2
141,20251107,2
142,20251103,2
142,20251215,2
142,20251105,2
142,20251107,2
143,20251103,2
143,20251215,2
143,20251105,2
145,20251105,2
146,20251103,2
146,20251104,2
146,20251106,2
146,20251107,2
147,20251103,2
148,20251103,2
148,20251104,2
148,20251105,2
148,20251106,2
149,20251104,2
149,20251105,2
149,20251106,2
150,20251103,2
150,20251105,2
150,20251106,2
150,20251107,2
151,20251103,2
151,20251105,2
152,20251101,2
155,20251215,2
155,20251101,1
155,20251214,2
156,20251103,2
156,20251104,2
156,20251105,2
156,20251106,2
156,20251107,2
156,20251101,2
157,20251124,1
157,20251201,1
157,20251125,1
157,20251126,1
157,20251127,1
157,20251128,1
158,20251103,1
158,20251104,1
158,20251105,1
158,20251106,1
158,20251107,1
159,20251103,1
159,20251104,1
159,20251105,1
159,20251106,1
159,20251107,1
159,20251101,2
160,20251101,1
160,20251102,1
160,20251109,1
160,20251116,1
161,20251102,2
161,20251109,2
161,20251116,2
162,20251103,1
162,20251104,1
162,20251105,1
162,20251106,1
162,20251107,1
162,20251101,1
163,20251103,1
163,20251104,1
163,20251105,1
163,20251106,1
163,20251107,1
163,20251101,1
163,20251102,1
163,20251109,1
163,20251116,1
164,20251103,1
164,20251104,1
164,20251105,1
164,20251106,1
164,20251107,1
164,20251102,2
164,20251109,2
164,20251116,2
165,20251102,1
165,20251109,1
165,20251116,1
166,20251103,2
166,20251124,2
166,20251201,2
166,20251104,2
166,20251125,2
166,20251105,2
166,20251126,2
166,20251106,2
166,20251127,2
166,20251107,2
166,20251128,2
167,20251124,2
167,20251201,2
167,20251125,2
167,20251126,2
167,20251127,2
167,20251128,2
168,20251124,2
168,20251201,2
168,20251125,2
168,20251126,2
168,20251127,2
168,20251128,2
169,20251103,2
169,20251104,2
169,20251105,2
169,20251106,2
169,20251107,2
170,20251103,2
170,20251104,2
170,20251105,2
170,20251106,2
170,20251107,2
170,20251102,2
170,20251109,2
170,20251116,2
171,20251101,2
171,20251102,2
171,20251109,2
171,20251116,2
172,20251103,2
172,20251104,2
172,20251105,2
172,20251106,2
172,20251107,2
172,20251101,1
173,20251103,2
173,20251124,2
173,20251201,2
173,20251104,2
173,20251125,2
173,20251105,2
173,20251126,2
173,20251106,2
173,20251127,2
173,20251107,2
173,20251128,2
173,20251101,2
174,20251103,2
174,20251124,2
174,20251201,2
174,20251104,2
174,20251125,2
174,20251105,2
174,20251126,2
174,20251106,2
174,20251127,2
174,20251107,2
174,20251128,2
