"service_id","monday","tuesday","wednesday","thursday","friday","saturday","sunday","start_date","end_date"
1,0,0,0,0,0,0,0,20251029,20251215
2,0,0,0,0,0,1,0,20251029,20251215
3,0,0,0,0,1,0,0,20251029,20251215
4,0,0,0,0,0,0,0,20251029,20251215
5,0,0,0,0,0,0,0,20251029,20251215
6,0,0,0,0,0,1,1,20251029,20251215
7,1,1,1,1,1,0,0,20251029,20251215
8,0,0,0,0,0,0,1,20251029,20251215
9,0,0,0,0,0,1,0,20251029,20251215
10,1,1,1,1,1,1,0,20251029,20251215
11,1,1,1,1,1,1,1,20251029,20251215
12,0,0,0,0,1,1,0,20251029,20251215
13,0,1,1,1,1,0,0,20251029,20251215
14,0,0,0,0,0,0,0,20251029,20251215
15,1,1,1,1,1,0,0,20251029,20251215
16,0,1,0,1,0,0,0,20251029,20251215
17,0,0,1,0,1,0,0,20251029,20251215
18,0,0,0,0,0,0,0,20251029,20251215
19,0,0,0,0,0,0,0,20251029,20251215
20,0,1,0,1,1,0,0,20251029,20251215
21,0,0,0,0,0,0,0,20251029,20251215
22,0,0,0,0,0,0,0,20251029,20251215
23,1,1,1,1,1,0,0,20251029,20251215
24,1,1,1,1,1,0,1,20251029,20251215
25,1,1,1,1,1,0,0,20251029,20251215
26,0,0,0,0,0,0,0,20251029,20251215
27,1,1,1,1,1,1,0,20251029,20251215
28,1,1,1,1,1,1,1,20251029,20251215
29,1,1,1,1,1,1,1,20251029,20251215
30,0,0,0,0,0,0,0,20251029,20251215
31,0,0,0,0,0,1,1,20251029,20251215
32,0,0,0,0,0,0,0,20251029,20251215
33,1,1,1,1,1,0,0,20251029,20251215
34,0,0,0,0,0,1,1,20251029,20251215
35,1,1,1,1,1,0,0,20251029,20251215
36,0,0,0,0,0,0,1,20251029,20251215
37,0,0,0,0,0,0,0,20251029,20251215
38,0,0,0,0,0,1,1,20251029,20251215
39,1,1,1,1,1,1,1,20251029,20251215
40,0,0,0,0,0,0,0,20251029,20251215
41,0,0,0,0,0,0,0,20251029,20251215
42,0,0,0,0,0,1,1,20251029,20251215
43,0,0,0,0,0,0,0,20251029,20251215
44,1,1,1,1,1,1,0,20251029,20251215
45,0,0,0,0,0,0,0,20251029,20251215
46,1,1,1,1,1,1,0,20251029,20251215
47,0,0,0,0,0,0,0,20251029,20251215
48,0,0,0,0,0,1,0,20251029,20251215
49,1,1,1,1,1,1,1,20251029,20251215
50,0,0,0,0,0,0,0,20251029,20251215
51,1,1,1,1,1,0,0,20251029,20251215
52,0,0,0,0,0,0,1,20251029,20251215
53,0,0,0,0,0,1,1,20251029,20251215
54,1,1,1,1,1,0,1,20251029,20251215
55,0,0,0,0,0,0,0,20251029,20251215
56,0,0,0,0,0,0,1,20251029,20251215
57,1,1,1,1,1,0,0,20251029,20251215
58,0,0,0,0,0,0,0,20251029,20251215
59,1,1,1,1,1,1,0,20251029,20251215
60,0,0,0,0,0,0,0,20251029,20251215
61,1,1,1,1,1,1,0,20251029,20251215
62,0,0,0,0,0,0,0,20251029,20251215
63,1,1,1,1,1,0,0,20251029,20251215
64,0,0,0,0,0,0,0,20251029,20251215
65,0,0,0,0,0,1,0,20251029,20251215
66,1,1,1,1,1,0,0,20251029,20251215
67,0,0,0,0,0,0,0,20251029,20251215
68,0,0,0,0,0,0,0,20251029,20251215
69,0,0,0,0,0,0,0,20251029,20251215
70,1,1,1,1,1,1,1,20251029,20251215
71,1,1,1,1,1,1,1,20251029,20251215
72,1,1,1,1,1,0,0,20251029,20251215
73,0,0,0,0,0,0,0,20251029,20251215
74,0,0,0,0,0,0,0,20251029,20251215
75,0,0,0,0,0,0,0,20251029,20251215
76,1,1,1,1,1,0,0,20251029,20251215
77,0,0,0,0,0,0,0,20251029,20251215
78,1,1,1,1,1,0,0,20251029,20251215
79,0,0,0,0,0,0,0,20251029,20251215
80,0,0,0,0,0,0,0,20251029,20251215
81,0,0,0,0,0,0,0,20251029,20251215
82,0,0,0,0,0,0,0,20251029,20251215
83,1,1,1,1,1,1,0,20251029,20251215
84,0,1,0,0,0,0,0,20251029,20251215
85,0,0,1,1,1,0,0,20251029,20251215
86,1,1,1,1,1,1,1,20251029,20251215
87,0,0,0,0,0,0,0,20251029,20251215
88,1,1,1,1,1,1,1,20251029,20251215
89,0,0,0,0,0,0,0,20251029,20251215
90,1,1,1,1,1,1,0,20251029,20251215
91,1,1,1,1,1,1,0,20251029,20251215
92,1,1,1,1,1,1,0,20251029,20251215
93,0,0,0,0,0,1,1,20251029,20251215
94,0,0,0,0,0,1,0,20251029,20251215
95,1,1,1,1,1,1,0,20251029,20251215
96,1,1,1,1,1,1,1,20251029,20251215
97,1,0,0,0,0,0,0,20251029,20251215
98,0,0,0,0,0,0,1,20251029,20251215
99,0,1,1,1,1,1,1,20251029,20251215
100,0,0,0,0,0,0,0,20251029,20251215
101,0,1,1,1,1,1,0,20251029,20251215
102,0,0,0,0,0,0,0,20251029,20251215
103,0,0,0,0,0,0,0,20251029,20251215
104,0,0,0,0,0,0,0,20251029,20251215
105,0,0,0,0,0,0,0,20251029,20251215
106,1,1,1,1,1,0,0,20251029,20251215
107,1,1,1,1,1,0,0,20251029,20251215
108,1,1,1,1,1,0,0,20251029,20251215
109,0,0,0,0,0,0,0,20251029,20251215
110,1,1,1,1,1,0,0,20251029,20251215
111,1,1,1,1,1,1,1,20251029,20251215
112,0,0,0,0,0,1,1,20251029,20251215
113,1,1,1,1,1,1,0,20251029,20251215
114,1,1,1,1,1,0,1,20251029,20251215
115,0,0,0,0,0,0,1,20251029,20251215
116,0,0,0,0,0,0,0,20251029,20251215
117,0,0,0,0,0,0,0,20251029,20251215
118,0,0,0,0,0,1,1,20251029,20251215
119,0,0,0,0,0,0,0,20251029,20251215
120,0,0,0,0,0,0,0,20251029,20251215
121,1,1,1,1,1,1,1,20251029,20251215
122,1,1,1,1,1,1,1,20251029,20251215
123,0,0,0,0,0,0,0,20251029,20251215
124,0,0,0,0,0,0,0,20251029,20251215
125,0,0,0,0,0,0,0,20251029,20251215
126,0,0,0,0,0,0,0,20251029,20251215
127,0,0,0,0,0,0,0,20251029,20251215
128,0,0,0,0,0,0,0,20251029,20251215
129,0,0,0,0,0,0,0,20251029,20251215
130,1,1,1,1,1,0,0,20251029,20251215
131,0,1,0,1,0,0,0,20251029,20251215
132,1,0,1,0,1,0,0,20251029,20251215
133,0,1,0,1,1,0,0,20251029,20251215
134,0,0,0,0,1,0,0,20251029,20251215
135,0,0,0,1,0,0,0,20251029,20251215
136,1,1,1,0,0,0,0,20251029,20251215
137,1,1,1,1,0,0,0,20251029,20251215
138,0,1,1,1,1,1,0,20251029,20251215
139,1,1,1,0,1,0,0,20251029,20251215
140,0,0,0,1,1,0,0,20251029,20251215
141,1,1,1,0,1,0,0,20251029,20251215
142,1,0,1,0,1,0,0,20251029,20251215
143,1,0,1,0,0,0,0,20251029,20251215
144,0,1,0,0,1,0,0,20251029,20251215
145,0,0,1,0,0,0,0,20251029,20251215
146,1,1,0,1,1,0,0,20251029,20251215
147,1,0,0,0,0,0,0,20251029,20251215
148,1,1,1,1,0,0,0,20251029,20251215
149,0,1,1,1,0,0,0,20251029,20251215
150,1,0,1,1,1,0,0,20251029,20251215
151,1,0,1,0,0,0,0,20251029,20251215
152,1,1,1,1,0,1,0,20251029,20251215
153,0,0,0,0,1,0,0,20251029,20251215
154,1,1,1,1,0,0,0,20251029,20251215
155,1,1,1,1,1,0,1,20251029,20251215
156,1,1,1,1,1,1,0,20251029,20251215
157,0,0,0,0,0,0,0,20251029,20251215
158,0,0,0,0,0,1,1,20251029,20251215
159,0,0,0,0,0,1,0,20251029,20251215
160,0,0,0,0,0,0,0,20251029,20251215
161,0,0,0,0,0,0,1,20251029,20251215
162,0,0,0,0,0,0,1,20251029,20251215
163,0,0,0,0,0,0,0,20251029,20251215
164,0,0,0,0,0,0,1,20251029,20251215
165,0,0,0,0,0,1,0,20251029,20251215
166,1,1,1,1,1,0,0,20251029,20251215
167,1,1,1,1,1,0,0,20251029,20251215
168,1,1,1,1,1,1,1,20251029,20251215
169,1,1,1,1,1,1,1,20251029,20251215
170,1,1,1,1,1,0,1,20251029,20251215
171,0,0,0,0,0,1,1,20251029,20251215
172,1,1,1,1,1,0,1,20251029,20251215
173,1,1,1,1,1,1,0,20251029,20251215
174,1,1,1,1,1,1,1,20251029,20251215
